11 21 39 64 98 149 222 335 488 704 995 1362 1785 2271 2792 3339 3857 4361 4813 5235 5591 5887 6164 6391 6573 6744 6903 7036 7131 7238 7315 7380 
11 22 36 61 99 149 227 330 483 717 1010 1350 1761 2221 2756 3314 3909 4429 4949 5424 5810 6193 6524 6779 7011 7227 7394 7558 7689 7818 7905 7987 
11 20 33 52 89 139 210 315 465 666 917 1227 1590 1990 2442 2959 3510 3999 4475 4934 5365 5738 6031 6310 6560 6758 6916 7078 7204 7309 7393 7469 
11 22 37 66 100 153 229 347 514 751 1045 1402 1852 2341 2880 3444 4020 4559 5040 5446 5816 6142 6401 6621 6813 6995 7146 7308 7419 7516 7590 7668 
11 21 37 62 98 150 228 341 504 728 1022 1350 1798 2290 2825 3328 3831 4324 4802 5254 5667 6010 6305 6570 6801 6989 7141 7274 7379 7471 7550 7624 
11 21 35 55 82 125 188 273 390 555 803 1109 1479 1927 2452 2991 3522 4084 4623 5101 5547 5932 6227 6511 6782 6972 7161 7314 7461 7583 7682 7771 
11 22 37 62 100 167 247 366 533 778 1072 1419 1849 2336 2863 3363 3870 4357 4810 5206 5571 5900 6179 6433 6649 6817 6952 7071 7179 7257 7339 7406 
11 21 35 54 89 137 197 295 449 665 951 1299 1692 2120 2606 3107 3606 4080 4548 5019 5412 5792 6133 6435 6666 6856 7043 7198 7329 7448 7547 7621 
11 21 37 63 98 150 239 362 533 779 1088 1453 1900 2365 2860 3400 3907 4440 4910 5354 5745 6084 6397 6670 6882 7069 7251 7402 7544 7636 7722 7795 
11 21 36 57 94 140 222 339 486 700 987 1332 1734 2184 2702 3245 3779 4305 4827 5287 5674 6043 6377 6653 6884 7082 7238 7384 7507 7617 7705 7778 
11 21 36 61 99 148 223 340 506 740 1014 1358 1794 2270 2789 3306 3824 4325 4790 5191 5556 5837 6107 6327 6533 6705 6856 6979 7092 7190 7259 7314 
11 22 37 61 102 160 240 358 522 768 1057 1425 1867 2360 2904 3430 3963 4515 4995 5457 5840 6192 6455 6717 6923 7118 7273 7408 7520 7627 7713 7782 
11 21 35 57 88 139 224 330 490 692 985 1359 1793 2244 2705 3186 3654 4093 4505 4882 5200 5485 5751 5991 6184 6349 6491 6602 6716 6819 6896 6961 
11 20 33 55 89 138 206 302 458 657 924 1280 1686 2151 2650 3144 3660 4151 4614 5070 5433 5753 6026 6271 6465 6634 6783 6894 6992 7080 7150 7219 
11 21 34 52 85 131 216 332 494 703 993 1350 1773 2270 2798 3330 3843 4358 4849 5279 5660 6019 6302 6555 6727 6888 7030 7163 7281 7383 7474 7546 
11 20 35 58 87 134 198 287 417 605 821 1109 1493 1925 2417 2918 3431 3926 4398 4872 5270 5597 5876 6124 6340 6531 6696 6824 6938 7035 7105 7184 
11 22 38 62 95 146 221 336 494 698 984 1346 1739 2209 2724 3256 3775 4270 4773 5214 5590 5956 6267 6522 6696 6884 7038 7161 7286 7388 7493 7577 
11 21 35 56 90 140 213 316 464 666 922 1237 1628 2072 2567 3049 3566 4077 4538 4971 5397 5755 6075 6355 6603 6845 7052 7226 7371 7479 7589 7659 
11 22 39 61 101 143 215 320 474 675 950 1305 1744 2263 2780 3308 3862 4365 4812 5251 5647 5983 6265 6512 6738 6936 7088 7226 7353 7451 7530 7595 
11 21 37 59 97 155 238 364 537 790 1096 1472 1937 2412 2943 3464 3983 4453 4910 5329 5707 6044 6337 6585 6811 6974 7133 7254 7373 7469 7560 7634 
11 22 38 63 98 155 231 343 496 713 986 1345 1765 2279 2827 3344 3906 4411 4847 5287 5639 5956 6259 6529 6750 6928 7085 7214 7331 7436 7519 7584 
11 22 38 59 87 133 206 309 446 635 900 1248 1636 2069 2545 3040 3589 4096 4554 4967 5360 5668 5982 6229 6435 6607 6771 6900 7015 7110 7206 7276 
11 22 36 56 93 149 226 341 512 758 1068 1459 1910 2416 2911 3420 3952 4441 4884 5316 5701 6063 6350 6620 6851 7059 7215 7331 7437 7535 7628 7714 
11 21 34 56 87 132 206 314 468 673 954 1286 1702 2185 2697 3255 3804 4323 4807 5252 5662 6012 6331 6590 6820 7008 7135 7253 7359 7449 7521 7590 
11 20 35 57 92 145 219 331 485 710 983 1347 1791 2295 2838 3388 3954 4506 4989 5399 5780 6092 6388 6630 6845 7022 7199 7343 7435 7553 7627 7707 
11 22 36 59 90 145 224 347 515 744 1045 1412 1842 2339 2862 3413 3971 4506 4968 5406 5808 6130 6436 6676 6897 7070 7241 7378 7493 7603 7691 7759 
11 22 38 64 100 154 234 343 506 732 1016 1383 1793 2217 2680 3153 3616 4067 4496 4893 5267 5575 5823 6069 6277 6429 6582 6714 6830 6931 7020 7075 
11 22 39 60 91 146 232 348 530 789 1116 1521 1993 2482 3031 3547 4044 4519 4990 5418 5757 6092 6371 6596 6823 6999 7152 7295 7405 7499 7579 7650 
11 22 36 56 87 130 193 275 400 582 832 1147 1570 2038 2555 3102 3653 4162 4685 5105 5512 5853 6140 6417 6673 6888 7079 7233 7371 7480 7584 7655 
11 22 35 59 92 143 219 322 480 677 941 1277 1702 2153 2646 3184 3733 4266 4789 5219 5629 6010 6307 6585 6809 7006 7181 7328 7450 7554 7652 7736 
11 21 36 61 98 155 232 345 511 750 1032 1423 1871 2374 2924 3478 3998 4513 4971 5386 5751 6082 6371 6622 6844 7028 7194 7334 7457 7550 7630 7695 
11 21 35 62 100 157 251 376 546 799 1108 1489 1916 2389 2954 3486 4050 4594 5085 5510 5913 6282 6597 6853 7069 7252 7407 7550 7687 7789 7890 7983 
11 21 37 56 89 143 207 315 466 669 965 1336 1808 2314 2877 3467 4026 4545 5046 5504 5907 6266 6574 6870 7133 7336 7492 7638 7749 7849 7918 7991 
11 20 34 59 93 145 211 320 479 687 948 1291 1724 2201 2753 3315 3895 4433 4943 5392 5817 6166 6483 6739 6964 7173 7353 7476 7595 7694 7772 7851 
11 21 37 61 96 145 215 322 469 673 950 1287 1700 2151 2615 3141 3672 4186 4674 5121 5537 5925 6233 6484 6719 6914 7068 7201 7309 7415 7488 7561 
11 22 37 65 103 156 234 346 510 723 1014 1369 1772 2270 2796 3326 3866 4391 4913 5366 5796 6171 6488 6752 6970 7173 7338 7480 7586 7694 7787 7867 
11 21 35 58 90 132 208 312 469 676 955 1315 1730 2211 2729 3271 3815 4287 4755 5172 5564 5913 6232 6479 6720 6915 7074 7217 7328 7438 7532 7606 
11 22 37 58 94 141 213 320 477 699 995 1367 1806 2290 2795 3323 3829 4369 4812 5275 5701 6032 6378 6645 6856 7047 7204 7333 7455 7569 7659 7739 
11 22 35 58 92 143 216 315 463 640 906 1234 1638 2111 2627 3204 3779 4321 4843 5303 5730 6113 6413 6691 6921 7122 7290 7416 7533 7631 7713 7774 
11 21 36 59 93 154 237 365 545 783 1086 1463 1910 2399 2928 3473 4033 4533 5016 5415 5812 6163 6464 6715 6940 7129 7300 7422 7528 7629 7718 7804 
11 21 33 54 80 117 183 283 415 593 842 1152 1525 1969 2451 2944 3469 3984 4468 4868 5253 5585 5866 6114 6330 6485 6620 6745 6853 6942 7006 7070 
11 21 37 59 99 152 227 342 497 709 987 1300 1715 2172 2705 3298 3843 4343 4860 5298 5684 6040 6340 6614 6864 7069 7245 7413 7537 7647 7728 7794 
11 21 33 57 88 133 203 309 458 658 934 1273 1688 2172 2685 3221 3736 4249 4739 5172 5550 5894 6163 6447 6680 6867 7027 7165 7276 7351 7426 7507 
11 22 36 59 92 145 226 344 508 732 1022 1390 1856 2377 2925 3440 3966 4511 4983 5428 5834 6192 6467 6704 6914 7121 7292 7451 7577 7671 7740 7801 
11 22 35 56 88 134 209 313 450 661 940 1271 1684 2146 2660 3163 3703 4226 4739 5248 5695 6073 6445 6733 6981 7200 7378 7515 7640 7736 7842 7905 
11 21 38 64 101 153 218 330 497 716 1035 1364 1786 2235 2768 3325 3874 4364 4876 5325 5726 6058 6344 6583 6787 6975 7137 7271 7394 7515 7621 7694 
11 22 38 60 97 147 226 331 486 681 945 1276 1673 2149 2652 3170 3705 4219 4663 5062 5436 5755 6027 6265 6460 6631 6779 6902 7018 7119 7203 7276 
11 21 36 58 95 147 226 337 489 719 1003 1356 1771 2231 2756 3268 3771 4264 4760 5194 5587 5934 6215 6468 6721 6931 7107 7260 7393 7493 7580 7655 
11 21 34 53 90 140 212 317 470 666 922 1251 1637 2092 2621 3142 3621 4099 4546 4978 5352 5694 5970 6227 6444 6615 6768 6894 6987 7094 7170 7247 
11 22 39 67 109 173 260 388 552 774 1083 1459 1932 2447 3015 3609 4200 4738 5230 5677 6070 6420 6690 6922 7116 7306 7462 7600 7716 7828 7915 7983 
11 22 36 65 99 156 224 333 478 673 948 1264 1641 2067 2569 3066 3576 4091 4606 5044 5438 5770 6072 6342 6550 6721 6903 7033 7156 7244 7322 7396 
11 20 34 55 87 129 194 281 409 581 832 1133 1536 1959 2432 2915 3417 3898 4385 4819 5200 5569 5897 6177 6414 6645 6822 6973 7106 7202 7282 7359 
11 21 35 57 91 145 222 340 491 687 953 1278 1678 2112 2594 3055 3537 4037 4466 4864 5205 5523 5804 6043 6262 6455 6631 6766 6882 6972 7047 7108 
11 22 35 57 95 148 233 359 517 744 1050 1424 1820 2309 2853 3398 3945 4465 4901 5321 5701 6048 6309 6528 6711 6867 7011 7149 7240 7357 7428 7493 
11 22 38 61 94 148 228 361 519 754 1052 1396 1820 2307 2796 3298 3753 4198 4656 5058 5407 5717 6001 6240 6429 6606 6761 6892 7023 7128 7209 7283 
11 21 37 62 98 160 254 388 579 817 1140 1538 2022 2538 3075 3636 4195 4712 5176 5613 6005 6341 6645 6882 7096 7284 7422 7576 7693 7787 7870 7950 
11 20 35 59 99 152 239 361 548 774 1118 1514 1964 2466 3017 3568 4123 4658 5116 5534 5928 6272 6564 6834 7072 7263 7443 7578 7684 7784 7873 7942 
11 22 35 57 93 150 233 356 516 755 1054 1427 1848 2283 2785 3281 3790 4301 4793 5225 5607 5909 6213 6473 6698 6889 7040 7177 7303 7388 7476 7562 
11 22 36 58 94 145 225 347 517 763 1084 1457 1927 2436 2930 3484 4008 4511 4991 5438 5799 6154 6442 6680 6878 7063 7228 7361 7473 7569 7643 7695 
11 22 40 62 101 162 249 368 548 773 1074 1428 1876 2351 2846 3377 3871 4356 4816 5228 5583 5908 6168 6399 6608 6773 6913 7043 7149 7238 7310 7364 
11 21 35 61 94 138 213 315 476 698 976 1302 1720 2189 2721 3254 3775 4292 4792 5257 5651 5982 6266 6525 6742 6934 7094 7241 7362 7455 7539 7607 
11 22 40 67 105 169 260 387 578 821 1131 1527 1997 2502 3016 3548 4058 4592 5061 5503 5913 6241 6558 6821 7016 7191 7335 7457 7570 7662 7742 7817 
11 21 35 54 81 124 188 282 423 624 876 1212 1606 2003 2471 2950 3400 3864 4261 4649 5032 5375 5663 5917 6116 6285 6439 6591 6698 6790 6887 6963 
11 22 39 65 103 158 249 370 540 781 1097 1485 1949 2472 2983 3540 4018 4502 4962 5391 5742 6071 6363 6617 6827 6983 7152 7274 7378 7470 7542 7608 
11 22 38 64 105 167 252 369 531 764 1039 1378 1784 2230 2702 3195 3721 4209 4663 5054 5402 5768 6066 6323 6550 6735 6892 7001 7089 7176 7247 7319 
11 22 37 58 93 147 229 357 538 763 1066 1430 1870 2359 2847 3357 3916 4404 4852 5282 5679 6054 6354 6617 6829 7030 7184 7316 7468 7577 7680 7760 
11 22 38 61 97 150 228 342 500 724 1038 1418 1880 2412 2986 3599 4180 4717 5183 5627 6015 6339 6632 6851 7059 7234 7369 7478 7574 7684 7766 7814 
11 20 33 54 80 120 177 264 393 581 820 1113 1489 1936 2404 2939 3465 3973 4445 4885 5303 5651 5966 6268 6504 6709 6899 7059 7188 7306 7400 7467 
11 21 32 52 86 135 203 305 443 637 903 1242 1630 2103 2629 3163 3670 4180 4681 5128 5516 5885 6178 6470 6701 6890 7050 7170 7287 7392 7468 7546 
11 21 39 59 96 149 229 344 503 727 1032 1401 1841 2338 2876 3445 4015 4546 5036 5487 5849 6178 6490 6723 6940 7115 7286 7431 7567 7684 7770 7839 
11 22 35 56 91 142 221 336 490 702 975 1334 1762 2216 2701 3189 3685 4166 4608 5031 5399 5726 5999 6233 6429 6612 6765 6904 7008 7120 7205 7294 
11 22 36 61 106 170 260 396 590 852 1198 1599 2060 2572 3089 3634 4158 4651 5122 5542 5932 6271 6564 6814 6996 7142 7303 7416 7510 7588 7669 7740 
11 20 35 55 88 142 217 321 462 672 955 1310 1720 2192 2696 3238 3752 4281 4754 5163 5533 5861 6160 6393 6611 6794 6927 7073 7204 7289 7387 7471 
11 20 33 55 85 135 210 310 453 655 929 1264 1692 2180 2685 3210 3724 4266 4735 5161 5527 5898 6214 6504 6721 6912 7082 7223 7349 7444 7518 7594 
11 21 35 56 80 122 186 275 424 619 864 1171 1555 1994 2475 3007 3507 3979 4432 4846 5238 5578 5886 6126 6340 6521 6680 6793 6894 6989 7076 7140 
11 21 34 54 89 142 217 314 475 681 952 1321 1739 2224 2723 3249 3793 4302 4775 5190 5563 5938 6263 6522 6746 6926 7085 7220 7328 7432 7520 7594 
11 22 39 62 96 149 233 359 542 788 1096 1469 1930 2415 2960 3487 4000 4497 4975 5417 5789 6146 6436 6666 6860 7051 7185 7329 7440 7545 7622 7713 
11 22 36 64 103 147 216 320 468 668 903 1226 1619 2058 2556 3120 3672 4203 4733 5160 5599 5958 6285 6581 6832 7041 7212 7385 7518 7627 7724 7797 
11 21 38 66 106 164 241 356 513 718 997 1345 1749 2242 2756 3302 3787 4306 4815 5236 5625 5972 6307 6591 6837 7034 7210 7335 7451 7550 7624 7683 
11 22 37 59 95 144 226 341 506 731 1011 1378 1765 2249 2777 3312 3848 4359 4826 5324 5734 6090 6412 6675 6919 7130 7298 7450 7593 7703 7804 7895 
11 20 33 55 91 136 199 301 446 640 902 1236 1630 2106 2605 3148 3689 4211 4708 5166 5560 5911 6202 6479 6710 6915 7073 7208 7319 7413 7500 7561 
11 20 34 49 76 117 183 279 407 589 830 1158 1553 1980 2440 2942 3456 3919 4389 4783 5175 5506 5785 6043 6260 6467 6595 6736 6840 6943 7025 7085 
11 22 34 56 88 136 209 313 445 641 917 1265 1684 2167 2683 3207 3715 4224 4711 5160 5525 5865 6168 6442 6680 6881 7033 7173 7291 7399 7490 7573 
11 21 35 57 90 136 212 321 473 688 974 1357 1829 2297 2796 3321 3895 4450 4970 5430 5826 6155 6464 6736 6972 7162 7330 7484 7607 7707 7790 7863 
11 21 36 58 91 136 206 311 465 659 917 1238 1615 2056 2508 3010 3486 3995 4439 4869 5241 5532 5804 6058 6261 6461 6620 6757 6870 6985 7069 7125 
11 21 36 58 89 139 205 308 446 652 915 1246 1657 2101 2574 3040 3547 4036 4500 4959 5337 5688 5988 6249 6492 6668 6805 6918 7031 7127 7210 7265 
11 22 36 55 86 130 197 299 442 642 897 1235 1662 2138 2660 3193 3733 4242 4713 5124 5526 5877 6161 6407 6625 6798 6955 7109 7245 7336 7424 7505 
11 20 34 57 100 149 212 308 446 646 930 1294 1685 2171 2643 3193 3707 4263 4753 5231 5688 6088 6400 6709 6938 7154 7305 7455 7585 7681 7757 7834 
11 21 39 63 100 153 240 358 524 761 1040 1412 1834 2307 2826 3327 3867 4385 4859 5301 5654 5995 6293 6518 6748 6932 7083 7217 7344 7443 7528 7600 
11 22 35 57 84 126 186 273 402 572 833 1164 1570 2036 2559 3100 3656 4197 4690 5163 5556 5924 6218 6489 6718 6886 7061 7202 7311 7415 7487 7561 
11 21 32 52 83 130 194 300 451 652 938 1303 1750 2238 2782 3336 3903 4439 4909 5364 5756 6077 6354 6591 6791 6976 7109 7226 7345 7448 7513 7572 
11 22 37 61 92 138 214 315 480 717 1023 1408 1855 2342 2848 3401 3951 4474 4976 5426 5825 6185 6499 6755 6956 7163 7322 7455 7573 7666 7747 7832 
11 20 32 54 89 145 221 332 478 663 939 1285 1680 2176 2719 3258 3803 4350 4849 5290 5682 6042 6347 6623 6829 7061 7243 7390 7527 7648 7757 7833 
11 21 35 57 86 134 205 303 440 634 886 1184 1545 1960 2448 2942 3449 3945 4418 4842 5266 5630 5961 6250 6485 6688 6862 7012 7148 7261 7362 7447 
11 22 35 58 86 142 210 320 470 668 940 1291 1727 2208 2730 3237 3727 4226 4695 5119 5513 5849 6134 6385 6597 6774 6939 7073 7178 7279 7366 7447 
11 22 37 61 100 164 242 342 507 734 1015 1370 1801 2281 2801 3357 3911 4436 4923 5375 5799 6150 6447 6718 6956 7152 7334 7516 7660 7790 7883 7970 
11 22 34 57 86 127 192 289 421 614 881 1219 1619 2077 2552 3066 3560 4026 4489 4928 5338 5703 6013 6280 6523 6728 6941 7067 7207 7296 7398 7482 
11 21 34 58 93 149 235 358 541 771 1069 1454 1894 2384 2904 3405 3920 4391 4811 5197 5539 5828 6071 6300 6509 6691 6831 6948 7056 7126 7190 7256 
11 22 38 65 97 155 232 353 541 774 1089 1463 1929 2475 3024 3588 4146 4640 5134 5529 5896 6229 6491 6734 6910 7100 7256 7394 7511 7608 7681 7749 
11 22 39 61 95 145 217 329 481 687 957 1308 1732 2220 2739 3293 3834 4355 4823 5229 5655 6042 6361 6641 6874 7065 7233 7362 7495 7595 7686 7761 
