11 21 36 60 98 156 235 341 495 728 1021 1386 1845 2323 2829 3394 3920 4463 4946 5426 5857 6223 6551 6829 7076 7265 7416 7547 7657 7766 7852 7923 
11 21 37 61 96 148 227 332 480 681 980 1360 1798 2317 2889 3446 4039 4606 5115 5570 5989 6335 6655 6908 7133 7321 7487 7633 7745 7840 7936 8023 
11 22 36 61 102 159 248 366 536 771 1061 1445 1887 2386 2920 3479 4057 4540 5006 5434 5875 6247 6555 6849 7094 7302 7481 7614 7737 7854 7942 8009 
11 22 38 62 102 153 225 345 504 737 1028 1392 1812 2292 2824 3371 3923 4466 4958 5402 5810 6143 6458 6736 6984 7181 7350 7482 7596 7708 7809 7897 
11 22 36 61 93 148 234 361 536 770 1075 1447 1905 2362 2870 3401 3924 4435 4912 5362 5753 6101 6441 6721 6977 7204 7368 7521 7654 7754 7864 7961 
11 21 38 61 94 139 214 310 463 657 936 1272 1697 2148 2668 3182 3724 4293 4818 5305 5693 6080 6423 6698 6936 7160 7328 7489 7623 7742 7833 7914 
11 21 36 58 95 150 224 342 501 726 1004 1380 1812 2305 2838 3351 3897 4441 4964 5430 5863 6186 6499 6791 7009 7211 7367 7523 7671 7775 7882 7954 
11 22 41 63 99 149 222 323 489 706 984 1335 1752 2256 2806 3334 3843 4389 4908 5374 5803 6167 6471 6743 6969 7177 7351 7492 7624 7740 7852 7936 
11 22 40 64 101 155 234 353 520 737 1049 1398 1830 2365 2918 3459 3990 4523 5024 5490 5885 6235 6566 6831 7083 7285 7472 7611 7729 7830 7930 7994 
11 22 36 56 91 136 205 317 464 684 989 1360 1830 2353 2885 3452 4026 4581 5085 5516 5894 6247 6582 6854 7085 7302 7467 7616 7732 7835 7926 7995 
11 22 34 54 83 132 205 303 457 666 948 1307 1733 2199 2730 3241 3758 4294 4760 5227 5635 6020 6360 6663 6930 7148 7313 7464 7596 7703 7827 7913 
11 22 39 60 98 157 235 353 524 759 1078 1467 1912 2419 2946 3509 4055 4607 5119 5561 5955 6300 6621 6881 7090 7268 7434 7579 7705 7811 7894 7957 
11 22 39 60 93 149 220 330 478 694 969 1332 1752 2253 2804 3356 3900 4436 4927 5407 5808 6161 6468 6752 6990 7200 7389 7559 7692 7811 7914 7998 
11 22 37 59 92 134 192 285 424 611 862 1182 1571 2035 2551 3095 3631 4151 4658 5141 5602 5999 6346 6660 6939 7170 7338 7489 7631 7744 7845 7920 
11 22 38 63 101 153 229 331 490 713 1014 1393 1834 2315 2844 3370 3907 4450 4938 5389 5797 6167 6474 6774 7017 7234 7415 7576 7729 7835 7918 8003 
11 22 37 64 100 155 240 351 509 701 966 1294 1703 2189 2741 3305 3883 4449 4957 5430 5816 6205 6521 6822 7065 7262 7428 7583 7721 7834 7922 8008 
11 21 33 52 86 127 195 298 443 645 923 1241 1640 2146 2699 3269 3841 4390 4905 5399 5834 6183 6492 6746 6997 7214 7387 7539 7681 7777 7872 7959 
11 22 39 63 101 170 268 408 602 861 1194 1574 2013 2525 3055 3589 4135 4666 5164 5616 6015 6366 6682 6934 7153 7357 7501 7648 7757 7867 7964 8020 
11 21 37 61 98 152 236 358 536 782 1112 1496 1987 2499 3063 3633 4204 4711 5183 5576 5976 6329 6639 6917 7150 7326 7493 7640 7745 7842 7931 8011 
11 22 39 61 96 145 223 330 476 689 986 1329 1763 2261 2807 3361 3921 4498 4994 5460 5836 6203 6523 6821 7069 7260 7435 7581 7705 7807 7911 8001 
11 22 39 66 107 159 251 370 559 815 1147 1548 2050 2561 3139 3699 4255 4794 5237 5661 6037 6357 6680 6924 7137 7318 7487 7632 7746 7856 7954 8031 
11 21 38 63 101 158 237 352 504 715 972 1296 1706 2163 2699 3273 3843 4392 4925 5406 5819 6194 6517 6800 7024 7221 7413 7553 7671 7784 7861 7935 
11 21 38 60 91 140 213 320 473 680 964 1313 1719 2216 2775 3336 3913 4467 4973 5436 5863 6213 6533 6810 7047 7255 7445 7620 7755 7879 7960 8029 
11 22 38 63 102 165 253 376 542 768 1077 1454 1882 2378 2941 3515 4043 4573 5099 5539 5916 6279 6580 6866 7081 7265 7444 7573 7703 7782 7882 7977 
11 21 34 57 94 154 235 364 541 788 1103 1501 1967 2488 3055 3601 4137 4629 5108 5570 5967 6341 6643 6890 7119 7303 7493 7632 7747 7843 7923 8019 
11 22 40 64 110 167 265 396 571 819 1138 1516 1972 2478 3001 3542 4077 4601 5076 5527 5928 6288 6605 6856 7073 7294 7481 7623 7731 7820 7901 7965 
11 21 35 57 92 149 230 344 514 748 1058 1474 1935 2445 2963 3547 4090 4646 5136 5586 5992 6331 6627 6863 7085 7262 7412 7563 7679 7787 7865 7934 
11 22 39 63 109 167 261 386 558 804 1101 1489 1941 2434 2975 3556 4123 4670 5186 5634 6016 6365 6657 6911 7112 7289 7468 7599 7728 7831 7918 8014 
11 22 37 60 91 149 234 344 511 721 1003 1353 1794 2283 2852 3387 3933 4486 4953 5416 5810 6180 6479 6786 7035 7247 7435 7600 7718 7832 7926 8014 
11 22 35 58 92 137 206 314 460 658 915 1242 1666 2157 2664 3224 3788 4328 4824 5331 5737 6127 6454 6756 7027 7248 7424 7592 7739 7854 7946 8028 
11 22 37 63 101 156 243 363 537 756 1038 1389 1797 2241 2782 3328 3889 4453 4926 5370 5818 6185 6516 6796 7040 7238 7385 7520 7642 7755 7829 7904 
11 22 38 60 96 145 229 344 488 697 991 1357 1790 2290 2811 3373 3944 4498 5025 5478 5912 6289 6635 6919 7163 7364 7542 7683 7802 7907 7987 8043 
11 21 37 57 90 136 200 314 473 695 965 1283 1670 2127 2638 3168 3724 4270 4782 5273 5698 6105 6438 6748 6986 7187 7363 7502 7636 7747 7844 7931 
11 21 40 62 96 146 221 341 506 722 1022 1390 1826 2300 2871 3426 4005 4566 5112 5569 5964 6321 6634 6874 7090 7301 7487 7640 7770 7903 7982 8054 
11 20 31 55 87 123 183 276 396 572 815 1100 1463 1895 2394 2922 3461 3991 4530 5023 5468 5878 6237 6543 6817 7046 7255 7391 7549 7679 7791 7896 
11 22 38 64 104 166 257 381 547 780 1067 1443 1873 2390 2927 3485 4026 4529 5066 5509 5885 6221 6554 6837 7067 7280 7467 7628 7761 7868 7954 8035 
11 22 38 61 99 150 239 368 546 785 1069 1423 1869 2387 2961 3519 4077 4624 5118 5578 5981 6348 6655 6910 7129 7306 7462 7590 7698 7798 7866 7944 
11 22 36 55 88 137 207 315 476 684 967 1326 1753 2244 2766 3303 3857 4377 4872 5338 5771 6148 6476 6768 7005 7219 7383 7528 7647 7745 7837 7923 
11 22 39 61 88 128 185 269 382 552 769 1055 1374 1804 2289 2828 3372 3921 4472 4979 5446 5862 6211 6544 6803 7045 7267 7440 7594 7713 7817 7912 
11 22 40 66 104 159 241 362 528 759 1044 1420 1869 2374 2895 3423 3965 4522 5034 5458 5874 6249 6573 6839 7068 7274 7431 7575 7703 7805 7905 7982 
11 21 35 58 99 157 235 354 512 736 1005 1370 1796 2274 2799 3347 3910 4479 4983 5455 5905 6241 6566 6830 7065 7269 7444 7591 7713 7813 7888 7978 
11 22 38 59 95 147 222 326 478 682 965 1340 1775 2254 2793 3347 3933 4472 4985 5428 5829 6197 6507 6770 6976 7189 7363 7508 7653 7770 7858 7942 
11 22 37 59 97 157 241 359 542 795 1126 1539 1996 2516 3059 3635 4188 4715 5186 5604 6007 6368 6690 6942 7162 7344 7511 7641 7749 7848 7932 8005 
11 22 38 62 100 156 243 355 523 744 1032 1386 1810 2311 2852 3386 3928 4461 4983 5467 5884 6259 6568 6852 7079 7263 7439 7574 7705 7798 7888 7977 
11 22 41 65 100 141 200 297 446 643 893 1221 1600 2054 2560 3141 3659 4208 4725 5217 5664 6041 6398 6701 6955 7145 7348 7505 7628 7735 7840 7933 
11 21 35 51 77 121 178 265 389 568 808 1128 1520 1967 2491 3019 3580 4143 4679 5196 5601 6026 6398 6708 6932 7133 7298 7447 7584 7694 7777 7846 
11 22 37 61 102 158 250 370 531 767 1079 1431 1875 2356 2873 3394 3972 4520 5013 5469 5899 6254 6563 6849 7096 7296 7457 7601 7716 7807 7899 7973 
11 21 33 50 83 132 197 300 439 634 883 1218 1623 2101 2615 3144 3703 4238 4753 5243 5672 6082 6419 6699 6947 7152 7335 7493 7632 7750 7843 7923 
11 22 37 58 93 143 223 324 481 685 980 1349 1790 2277 2837 3384 3927 4475 4962 5415 5836 6201 6516 6781 7013 7216 7403 7545 7677 7779 7867 7938 
11 22 36 55 88 131 211 313 463 656 904 1232 1652 2131 2648 3207 3785 4342 4856 5363 5804 6212 6561 6866 7087 7294 7466 7594 7719 7827 7930 8004 
11 22 36 62 96 143 220 330 484 685 953 1314 1726 2165 2641 3195 3717 4271 4833 5297 5710 6097 6426 6718 6952 7176 7346 7487 7606 7713 7803 7896 
11 22 33 57 89 138 206 316 461 646 918 1266 1699 2190 2732 3259 3824 4386 4916 5399 5823 6188 6524 6798 7043 7237 7406 7555 7678 7785 7874 7951 
11 22 38 60 92 148 219 321 458 652 917 1256 1670 2150 2680 3220 3800 4359 4899 5361 5766 6146 6476 6742 6976 7181 7376 7546 7692 7810 7893 7977 
11 21 36 58 86 130 197 287 424 622 884 1207 1611 2078 2602 3164 3714 4240 4749 5195 5613 5993 6329 6632 6878 7119 7310 7455 7591 7723 7813 7896 
11 22 37 61 93 144 220 343 487 703 983 1344 1766 2248 2794 3374 3960 4486 4973 5459 5873 6217 6567 6868 7115 7316 7464 7607 7730 7840 7924 7988 
11 21 39 63 95 154 226 334 483 676 942 1292 1693 2176 2713 3266 3838 4398 4899 5357 5778 6134 6458 6773 7003 7215 7399 7571 7706 7814 7909 8004 
11 22 40 60 101 153 236 363 533 765 1083 1448 1899 2426 2937 3477 4057 4593 5089 5546 5956 6294 6596 6832 7042 7233 7412 7545 7677 7790 7891 7982 
11 22 36 56 89 139 216 329 488 703 1002 1375 1820 2313 2852 3397 3941 4463 4954 5401 5819 6187 6525 6824 7053 7266 7413 7547 7658 7762 7865 7941 
11 22 38 62 104 172 276 417 601 876 1226 1644 2097 2612 3159 3717 4244 4764 5250 5692 6061 6399 6712 6990 7207 7394 7556 7691 7804 7896 7993 8052 
11 22 37 62 101 152 225 345 505 725 1028 1410 1860 2356 2897 3482 4051 4605 5119 5585 5959 6319 6613 6880 7102 7307 7490 7638 7762 7875 7957 8040 
11 21 36 57 89 134 207 318 487 703 982 1331 1757 2235 2742 3255 3801 4385 4863 5334 5759 6149 6487 6772 7016 7208 7378 7524 7641 7774 7880 7954 
11 22 37 58 95 149 228 335 498 707 1006 1363 1802 2316 2854 3407 3943 4474 4984 5416 5845 6223 6546 6815 7052 7253 7438 7604 7725 7822 7927 8017 
11 22 36 63 103 152 225 330 492 722 1012 1397 1823 2333 2841 3392 3924 4457 4953 5375 5804 6174 6488 6785 7012 7225 7379 7525 7642 7749 7847 7921 
11 22 37 64 103 151 222 332 487 704 1015 1396 1859 2377 2959 3525 4066 4579 5107 5572 5967 6337 6656 6921 7149 7324 7481 7604 7729 7836 7930 7998 
11 22 35 60 97 152 235 357 533 757 1054 1414 1853 2375 2919 3473 4045 4583 5076 5549 5959 6343 6653 6901 7130 7309 7475 7600 7733 7850 7943 8017 
11 22 35 58 95 140 220 330 489 715 1009 1376 1811 2307 2837 3374 3945 4488 5003 5486 5901 6261 6590 6876 7111 7314 7478 7625 7760 7858 7945 8033 
11 22 38 62 97 153 236 354 525 770 1075 1472 1934 2434 2991 3553 4085 4597 5066 5500 5921 6271 6558 6819 7035 7257 7421 7557 7664 7764 7847 7930 
11 22 39 65 105 165 249 386 564 796 1124 1521 2008 2509 3060 3625 4190 4718 5224 5652 6019 6357 6651 6923 7146 7327 7480 7630 7740 7824 7911 7989 
11 22 38 65 103 160 246 364 523 726 997 1344 1761 2241 2748 3279 3830 4356 4862 5325 5733 6103 6445 6749 6994 7211 7419 7563 7684 7776 7881 7956 
11 22 39 65 107 168 260 395 583 842 1180 1616 2099 2641 3239 3810 4374 4876 5347 5778 6156 6481 6775 7021 7257 7431 7583 7714 7825 7928 8024 8093 
11 21 35 63 100 147 219 330 483 695 961 1307 1740 2249 2793 3314 3855 4377 4857 5296 5714 6095 6440 6742 6988 7206 7382 7550 7704 7806 7910 7982 
11 21 35 60 98 148 229 357 519 757 1065 1430 1873 2393 2909 3442 4008 4542 5030 5498 5921 6246 6558 6848 7073 7260 7427 7566 7696 7795 7879 7955 
11 22 39 65 109 171 255 374 540 739 1014 1342 1752 2229 2738 3309 3850 4377 4878 5356 5774 6153 6489 6764 7005 7247 7436 7583 7700 7825 7921 7998 
11 22 40 69 111 181 264 379 542 766 1063 1425 1874 2385 2905 3439 3961 4493 4990 5451 5846 6213 6540 6818 7040 7219 7394 7546 7680 7794 7876 7957 
11 21 37 61 94 138 198 293 431 640 902 1249 1674 2135 2640 3183 3738 4280 4806 5299 5755 6147 6467 6767 7037 7257 7449 7595 7730 7822 7932 8006 
11 22 36 60 97 150 231 345 506 731 1024 1386 1840 2367 2925 3454 4037 4573 5049 5520 5930 6293 6589 6862 7108 7320 7480 7629 7757 7841 7936 7999 
11 22 36 59 101 156 237 351 515 755 1040 1400 1815 2291 2807 3341 3891 4426 4963 5393 5809 6153 6504 6774 7021 7239 7421 7563 7712 7816 7914 7989 
11 22 38 60 93 139 210 308 455 658 918 1260 1674 2171 2714 3243 3787 4310 4829 5287 5724 6059 6428 6731 6968 7195 7414 7579 7714 7814 7898 7973 
11 22 38 61 100 152 231 352 513 747 1051 1441 1864 2364 2896 3449 4017 4548 5051 5529 5935 6283 6579 6833 7064 7254 7430 7578 7696 7806 7910 7971 
11 21 33 53 86 133 204 308 457 653 912 1254 1639 2120 2653 3222 3805 4336 4805 5290 5723 6125 6463 6765 7024 7244 7426 7561 7679 7775 7866 7935 
11 20 33 57 98 150 226 338 504 733 1037 1413 1861 2381 2915 3491 4088 4630 5146 5610 6020 6359 6684 6938 7180 7379 7568 7697 7812 7900 7986 8045 
11 21 37 59 93 141 215 322 479 703 985 1338 1772 2283 2844 3383 3945 4481 4982 5469 5901 6248 6562 6835 7075 7278 7451 7581 7699 7815 7915 8002 
11 22 39 65 102 150 220 327 496 744 1043 1434 1897 2400 2951 3551 4110 4669 5171 5612 5997 6343 6633 6896 7110 7311 7488 7611 7737 7846 7916 7990 
11 22 36 57 91 133 190 280 401 561 805 1124 1507 1944 2471 3014 3568 4105 4612 5108 5558 5976 6321 6605 6845 7068 7255 7423 7573 7700 7797 7893 
11 22 41 69 114 180 271 410 615 876 1217 1621 2082 2570 3116 3683 4223 4719 5199 5601 5972 6307 6568 6797 7033 7236 7407 7573 7707 7828 7905 7979 
11 22 38 61 94 145 219 348 525 768 1096 1491 1925 2460 3015 3593 4167 4680 5165 5620 6022 6345 6634 6900 7106 7276 7447 7593 7729 7828 7900 7980 
11 22 39 68 106 159 239 361 518 722 987 1298 1700 2180 2704 3237 3766 4295 4789 5258 5662 6043 6395 6693 6961 7163 7359 7521 7663 7799 7891 7974 
11 21 38 66 106 165 254 386 554 778 1074 1478 1951 2456 2996 3563 4142 4646 5125 5591 5980 6350 6645 6905 7116 7303 7447 7589 7717 7811 7900 7982 
11 20 34 58 96 152 234 357 531 769 1055 1415 1859 2372 2909 3472 4045 4584 5141 5597 6003 6337 6626 6888 7121 7322 7491 7638 7757 7860 7962 8054 
11 22 36 65 103 161 248 375 554 786 1102 1475 1928 2400 2963 3533 4112 4652 5150 5590 5963 6321 6640 6895 7128 7305 7463 7589 7714 7815 7907 7983 
11 21 37 58 95 150 233 361 547 808 1124 1521 1989 2514 3061 3662 4224 4757 5247 5689 6099 6451 6748 7016 7243 7443 7590 7724 7838 7951 8032 8109 
11 21 33 53 87 143 218 330 492 702 963 1285 1676 2121 2625 3145 3687 4234 4744 5231 5675 6080 6419 6712 6966 7173 7349 7501 7625 7727 7858 7945 
11 22 37 61 97 156 248 388 575 824 1131 1484 1913 2402 2934 3470 3997 4537 5044 5492 5908 6244 6548 6817 7037 7237 7390 7517 7628 7745 7852 7932 
11 22 34 54 89 142 221 328 477 697 992 1345 1744 2215 2717 3246 3789 4333 4867 5324 5755 6148 6499 6781 7021 7227 7403 7558 7678 7789 7878 7967 
11 22 37 60 99 150 234 360 524 757 1079 1449 1902 2421 2926 3497 4061 4606 5094 5565 5923 6280 6593 6867 7075 7286 7460 7590 7708 7809 7895 7970 
11 22 38 62 100 152 228 328 475 670 955 1307 1734 2218 2737 3293 3854 4404 4934 5445 5912 6268 6603 6891 7126 7321 7476 7604 7727 7845 7927 8012 
11 22 35 57 89 138 208 320 473 663 931 1259 1679 2157 2718 3267 3850 4398 4930 5399 5854 6215 6560 6841 7074 7279 7441 7578 7696 7811 7901 7970 
11 22 37 64 103 160 241 358 528 751 1038 1421 1862 2364 2899 3471 4048 4599 5120 5590 5988 6356 6674 6926 7154 7360 7523 7667 7783 7876 7957 8037 
11 21 38 66 115 194 294 442 635 904 1255 1640 2129 2650 3191 3747 4328 4846 5343 5777 6189 6534 6837 7079 7267 7429 7594 7725 7819 7898 7977 8038 
11 21 36 63 103 160 242 367 541 786 1095 1488 1918 2432 2963 3521 4076 4593 5075 5516 5907 6269 6597 6889 7119 7322 7501 7609 7728 7827 7894 7973 
