11 22 37 59 91 142 213 312 461 665 928 1298 1726 2210 2700 3179 3715 4181 4600 4976 5341 5659 5934 6164 6369 6544 6693 6832 6937 7043 7127 7199 
11 22 38 62 99 149 228 338 490 689 958 1274 1623 2020 2459 2882 3292 3719 4110 4469 4775 5044 5283 5501 5697 5867 5995 6091 6187 6267 6338 6386 
11 21 33 55 88 139 215 310 455 646 899 1216 1587 2005 2469 2950 3415 3887 4388 4806 5177 5489 5792 6049 6238 6395 6568 6701 6816 6911 6989 7046 
11 21 38 68 112 169 251 371 540 774 1072 1429 1868 2328 2821 3296 3773 4200 4596 4943 5258 5569 5812 6009 6201 6366 6481 6595 6680 6757 6828 6894 
11 22 37 63 102 158 243 360 529 758 1020 1379 1793 2245 2718 3232 3727 4209 4660 5029 5384 5693 5962 6199 6413 6589 6721 6838 6947 7039 7105 7173 
11 21 37 62 104 168 265 400 586 847 1169 1528 1968 2464 2972 3475 3946 4366 4762 5132 5458 5729 5973 6170 6334 6470 6566 6659 6734 6802 6858 6920 
11 22 37 59 97 160 231 349 515 723 1002 1354 1751 2170 2643 3125 3619 4092 4516 4912 5292 5616 5880 6098 6293 6449 6574 6681 6784 6877 6962 7021 
11 22 36 57 96 154 235 343 499 726 1006 1359 1774 2211 2705 3200 3676 4148 4548 4931 5275 5596 5860 6072 6267 6444 6587 6686 6777 6860 6932 6989 
11 22 38 63 102 163 246 371 520 730 1009 1342 1739 2172 2630 3082 3539 3956 4365 4749 5051 5335 5582 5809 6005 6163 6291 6404 6495 6566 6640 6698 
11 21 35 56 87 142 214 312 459 673 923 1229 1634 2093 2580 3047 3512 3980 4418 4823 5200 5525 5815 6089 6297 6494 6637 6760 6867 6963 7031 7086 
11 22 36 56 87 140 206 310 451 629 886 1187 1543 1959 2424 2891 3367 3829 4250 4641 4998 5309 5589 5821 6025 6202 6360 6480 6620 6715 6788 6867 
11 22 35 58 88 138 211 311 459 657 917 1245 1635 2069 2554 3026 3508 3966 4427 4827 5206 5534 5832 6114 6342 6507 6660 6792 6911 7021 7113 7196 
11 22 37 60 100 153 246 386 554 792 1114 1486 1930 2397 2918 3463 3962 4443 4893 5295 5636 5945 6208 6431 6661 6827 6973 7080 7173 7263 7340 7402 
11 22 37 60 91 140 214 318 463 667 907 1221 1583 1988 2427 2875 3319 3761 4197 4556 4872 5152 5385 5568 5735 5865 5994 6108 6216 6300 6371 6439 
11 21 36 64 98 138 205 299 439 616 878 1176 1548 2003 2477 2979 3476 3979 4403 4800 5188 5537 5822 6056 6269 6432 6566 6691 6800 6886 6971 7047 
11 21 33 57 84 124 193 289 421 606 843 1159 1537 1953 2410 2876 3357 3819 4249 4653 5027 5302 5558 5782 5959 6114 6253 6371 6471 6569 6645 6702 
11 21 33 56 84 132 206 311 450 634 863 1180 1534 1952 2381 2865 3358 3855 4319 4762 5137 5436 5710 5919 6106 6269 6415 6532 6624 6707 6783 6849 
11 20 30 46 77 118 181 272 396 580 827 1168 1552 1978 2481 3009 3521 4002 4461 4891 5286 5639 5935 6185 6387 6580 6727 6856 6970 7057 7140 7214 
11 22 39 64 94 148 215 312 451 632 891 1219 1587 2022 2478 2944 3431 3894 4342 4756 5111 5420 5697 5941 6148 6328 6481 6630 6740 6849 6942 7010 
11 21 37 62 100 164 245 357 504 710 980 1295 1689 2119 2629 3153 3661 4124 4617 5040 5400 5706 5948 6167 6371 6550 6713 6841 6945 7031 7094 7155 
11 22 35 63 96 143 215 332 483 709 965 1320 1706 2162 2658 3153 3688 4183 4648 5087 5491 5819 6110 6355 6552 6728 6868 7001 7112 7202 7281 7356 
11 21 36 59 99 156 254 388 584 841 1166 1573 2031 2526 3056 3585 4083 4550 4991 5364 5717 6018 6300 6515 6724 6890 7040 7168 7272 7353 7444 7519 
11 21 36 52 79 124 193 301 449 627 885 1214 1588 1999 2463 2926 3408 3875 4335 4774 5151 5470 5749 5994 6204 6403 6532 6675 6785 6879 6980 7057 
11 22 37 62 101 155 236 347 499 713 987 1318 1720 2168 2634 3111 3559 4012 4458 4839 5153 5439 5662 5858 6011 6179 6321 6436 6533 6625 6681 6751 
11 22 35 58 87 128 192 294 426 598 826 1112 1463 1847 2245 2692 3128 3594 4041 4455 4840 5179 5464 5733 5947 6128 6274 6400 6509 6602 6688 6763 
11 22 37 63 99 150 231 344 505 727 1020 1380 1789 2272 2761 3251 3740 4228 4670 5065 5413 5735 6003 6261 6464 6635 6798 6928 7039 7140 7235 7303 
11 21 37 61 97 152 225 334 495 710 996 1342 1754 2224 2687 3193 3695 4215 4680 5103 5434 5753 6045 6268 6479 6642 6793 6933 7077 7183 7289 7369 
11 22 37 57 84 120 182 262 389 552 781 1094 1445 1798 2223 2656 3094 3500 3878 4237 4535 4781 5031 5250 5460 5633 5751 5872 5980 6073 6159 6229 
11 22 36 60 92 141 213 311 439 619 857 1157 1524 1924 2373 2868 3331 3826 4272 4668 5050 5418 5719 5993 6227 6440 6610 6742 6857 6958 7045 7108 
11 22 39 65 98 139 206 301 429 605 834 1121 1465 1850 2296 2758 3244 3729 4189 4613 5013 5338 5636 5884 6090 6277 6437 6579 6714 6791 6870 6946 
11 22 40 68 110 175 264 399 581 813 1110 1466 1874 2346 2814 3312 3829 4329 4771 5150 5517 5828 6097 6315 6512 6664 6803 6901 6991 7076 7145 7207 
11 21 33 56 90 138 215 317 469 667 940 1281 1688 2148 2637 3142 3682 4198 4640 5050 5449 5805 6104 6340 6584 6778 6927 7075 7201 7287 7381 7474 
11 22 40 65 103 153 229 337 472 656 902 1204 1565 1965 2388 2852 3239 3666 4049 4403 4717 4996 5256 5485 5677 5817 5945 6060 6155 6237 6302 6364 
11 22 38 63 98 153 231 340 499 717 998 1331 1752 2203 2669 3159 3631 4113 4569 4955 5298 5628 5916 6143 6334 6528 6671 6781 6886 6984 7060 7127 
11 21 37 64 102 163 250 382 555 783 1073 1423 1842 2304 2783 3276 3783 4262 4717 5118 5446 5743 5985 6197 6366 6510 6622 6712 6794 6872 6944 7000 
11 22 39 66 104 162 243 363 531 746 1007 1370 1759 2201 2675 3165 3649 4119 4552 4937 5327 5637 5926 6173 6377 6598 6775 6925 7062 7168 7251 7326 
11 21 32 53 88 135 211 313 463 669 925 1266 1622 2047 2487 2936 3378 3804 4187 4511 4834 5122 5359 5552 5733 5901 6046 6149 6245 6318 6380 6447 
11 21 38 57 91 139 200 297 426 615 858 1148 1522 1941 2416 2912 3383 3844 4295 4712 5071 5381 5644 5902 6094 6271 6439 6568 6691 6790 6886 6964 
11 22 37 59 94 144 220 339 477 688 944 1260 1640 2042 2487 2941 3400 3800 4158 4513 4816 5108 5335 5559 5746 5900 6033 6156 6244 6322 6387 6463 
11 22 37 59 97 151 228 337 492 680 923 1243 1631 2065 2480 2930 3390 3834 4273 4670 5012 5330 5600 5828 6022 6195 6344 6469 6573 6667 6749 6819 
11 22 37 65 109 170 256 387 567 790 1101 1458 1860 2304 2771 3274 3747 4196 4644 5021 5354 5660 5923 6148 6355 6513 6652 6778 6888 6972 7047 7113 
11 21 36 62 97 148 224 323 467 667 927 1245 1661 2121 2615 3138 3666 4183 4636 5057 5442 5797 6096 6360 6566 6770 6958 7109 7240 7351 7447 7525 
11 22 39 64 91 146 227 340 485 677 921 1220 1597 1991 2437 2904 3383 3858 4247 4610 4947 5210 5447 5667 5816 5976 6119 6242 6353 6435 6525 6592 
11 22 39 67 104 164 237 346 513 726 1000 1351 1744 2181 2694 3141 3595 4032 4447 4840 5168 5463 5708 5920 6111 6266 6398 6523 6616 6704 6771 6847 
11 22 39 60 93 142 204 307 466 666 929 1250 1647 2076 2559 3058 3539 3985 4382 4732 5068 5376 5651 5892 6102 6284 6427 6539 6649 6732 6801 6858 
11 21 37 64 103 164 244 363 525 749 1036 1391 1806 2266 2752 3206 3697 4172 4597 4973 5298 5602 5872 6121 6310 6486 6645 6755 6859 6945 7010 7077 
11 22 38 62 99 154 245 375 564 797 1114 1496 1958 2440 2970 3511 3992 4479 4921 5345 5686 5987 6257 6483 6702 6880 7019 7131 7246 7348 7427 7499 
11 22 40 68 107 162 240 361 518 722 980 1309 1670 2095 2538 2965 3405 3859 4269 4633 4937 5209 5450 5631 5786 5922 6070 6181 6281 6371 6450 6514 
11 22 36 59 94 143 219 346 523 744 1037 1371 1772 2230 2709 3185 3653 4142 4637 5048 5409 5722 6009 6265 6495 6658 6806 6943 7047 7125 7203 7267 
11 21 35 58 92 150 232 346 510 725 1033 1393 1816 2293 2815 3333 3839 4299 4744 5166 5525 5853 6141 6380 6590 6766 6925 7045 7147 7239 7338 7397 
11 22 35 55 94 149 229 343 511 749 1057 1448 1873 2360 2875 3400 3960 4485 4950 5351 5728 6075 6370 6612 6831 7014 7178 7317 7426 7514 7584 7638 
11 21 35 57 90 141 213 304 435 632 890 1230 1629 2076 2537 3033 3505 3954 4392 4750 5088 5397 5656 5876 6072 6229 6353 6454 6548 6631 6712 6785 
11 22 36 59 94 141 214 312 440 634 898 1206 1573 2001 2452 2915 3359 3811 4222 4602 4979 5319 5591 5815 6011 6189 6331 6459 6565 6650 6725 6789 
11 22 36 61 98 151 223 327 479 686 962 1303 1720 2213 2709 3220 3724 4206 4659 5074 5431 5783 6057 6311 6524 6698 6857 6980 7080 7178 7252 7319 
11 22 37 62 101 157 250 371 539 763 1069 1406 1794 2226 2696 3162 3596 4041 4435 4800 5133 5410 5649 5879 6065 6231 6361 6464 6559 6638 6707 6767 
11 22 40 69 114 176 268 405 587 822 1119 1496 1926 2368 2838 3335 3823 4279 4688 5065 5391 5680 5930 6135 6321 6464 6603 6711 6794 6885 6957 7014 
11 21 37 59 92 143 214 312 459 678 953 1295 1716 2176 2689 3203 3721 4199 4670 5093 5483 5803 6088 6323 6520 6700 6852 6983 7075 7159 7228 7288 
11 22 38 64 103 165 246 371 538 754 1046 1397 1785 2232 2762 3244 3724 4201 4656 5061 5389 5661 5909 6139 6338 6521 6663 6792 6909 6986 7070 7128 
11 22 35 61 102 163 251 375 553 774 1073 1427 1832 2269 2743 3237 3701 4171 4549 4912 5254 5550 5811 6023 6213 6387 6541 6653 6760 6843 6924 6987 
11 22 40 71 115 181 268 391 552 774 1051 1409 1811 2281 2756 3246 3718 4157 4568 4970 5332 5640 5880 6103 6286 6464 6606 6726 6820 6905 6990 7044 
11 22 38 64 104 167 255 383 542 764 1041 1389 1790 2235 2712 3205 3715 4163 4587 4970 5319 5626 5889 6108 6293 6457 6582 6683 6799 6891 6952 7018 
11 21 35 59 94 146 227 348 511 753 1045 1402 1814 2281 2719 3168 3642 4096 4514 4902 5221 5512 5784 6019 6219 6386 6521 6622 6710 6781 6851 6913 
11 22 39 66 106 163 254 384 568 820 1131 1485 1893 2353 2818 3277 3737 4170 4577 4926 5238 5521 5770 5982 6164 6301 6430 6540 6646 6726 6795 6852 
11 22 36 57 91 141 218 331 478 675 928 1248 1622 2041 2493 2975 3450 3883 4279 4642 4973 5267 5520 5752 5930 6085 6210 6316 6411 6478 6549 6611 
11 22 35 57 91 139 197 294 426 606 852 1170 1567 2007 2521 3016 3539 4030 4489 4914 5285 5634 5940 6215 6450 6619 6760 6896 7013 7108 7176 7253 
11 22 39 67 104 156 234 353 513 735 1022 1371 1767 2230 2727 3231 3718 4230 4697 5127 5495 5848 6165 6446 6674 6877 7040 7204 7338 7461 7548 7639 
11 21 40 68 110 170 256 378 558 787 1073 1429 1837 2328 2818 3315 3796 4268 4685 5033 5339 5611 5863 6081 6272 6425 6567 6676 6773 6862 6925 6999 
11 22 39 62 101 153 236 336 509 729 1018 1349 1731 2179 2610 3105 3554 3999 4375 4728 5085 5377 5621 5847 6034 6173 6298 6424 6510 6594 6668 6720 
11 21 36 58 94 148 218 329 488 709 979 1320 1699 2089 2518 2939 3385 3785 4170 4499 4797 5079 5304 5503 5676 5819 5942 6059 6148 6221 6283 6338 
11 22 35 61 97 156 234 343 502 706 983 1324 1725 2175 2651 3145 3640 4105 4526 4935 5293 5630 5917 6175 6397 6575 6724 6820 6925 7027 7119 7187 
11 22 36 59 93 148 223 335 488 681 909 1199 1550 1947 2406 2881 3296 3700 4088 4441 4770 5056 5300 5499 5673 5833 5970 6082 6171 6263 6322 6389 
11 21 37 62 100 161 237 352 491 683 930 1239 1594 1991 2413 2868 3324 3778 4165 4490 4819 5094 5359 5595 5779 5947 6090 6226 6326 6420 6502 6564 
11 22 39 61 99 152 238 359 518 746 1041 1403 1830 2296 2775 3258 3739 4143 4514 4870 5181 5453 5703 5926 6121 6292 6426 6550 6654 6731 6804 6857 
11 22 34 51 84 126 186 287 406 578 810 1101 1450 1817 2212 2624 3049 3455 3870 4219 4562 4861 5137 5379 5595 5763 5886 6022 6142 6245 6330 6392 
11 21 36 57 90 140 217 335 506 716 1014 1371 1780 2210 2701 3188 3682 4147 4574 4976 5299 5586 5823 6025 6212 6354 6486 6606 6692 6762 6825 6891 
11 21 33 58 93 143 213 327 482 690 956 1286 1671 2096 2536 3037 3497 3949 4410 4805 5136 5445 5691 5921 6109 6281 6399 6523 6608 6697 6772 6827 
11 22 39 62 94 136 204 303 435 622 850 1138 1480 1906 2339 2787 3237 3697 4130 4539 4906 5232 5506 5761 5967 6156 6291 6426 6534 6615 6685 6757 
11 21 36 58 94 149 209 312 450 637 865 1162 1518 1947 2428 2921 3439 3929 4354 4786 5154 5483 5754 6003 6186 6376 6535 6681 6791 6876 6960 7025 
11 22 37 57 91 140 208 305 444 639 907 1218 1575 1976 2416 2870 3321 3754 4118 4464 4759 4987 5200 5383 5552 5704 5803 5899 5994 6078 6143 6203 
11 21 36 57 88 137 212 325 477 680 951 1278 1686 2129 2621 3099 3584 4029 4468 4843 5200 5509 5763 5982 6182 6325 6471 6583 6691 6770 6854 6916 
11 22 38 64 100 160 250 387 582 837 1145 1524 1942 2436 2909 3402 3863 4327 4739 5108 5436 5746 5996 6221 6421 6591 6721 6825 6930 7020 7103 7168 
11 22 39 63 107 174 253 368 539 770 1066 1436 1874 2363 2869 3336 3776 4185 4583 4955 5297 5584 5813 6037 6229 6393 6525 6643 6729 6819 6895 6962 
11 21 36 65 100 156 237 347 506 709 974 1309 1705 2142 2626 3117 3613 4078 4471 4835 5194 5492 5746 5975 6164 6320 6467 6566 6675 6774 6845 6924 
11 22 41 65 107 161 237 344 492 691 951 1267 1648 2072 2508 2989 3445 3875 4305 4662 5010 5310 5603 5849 6030 6198 6341 6477 6583 6664 6742 6817 
11 22 39 61 90 140 208 309 461 655 908 1226 1607 2059 2520 3002 3496 3987 4387 4763 5118 5446 5729 6007 6209 6384 6546 6669 6794 6897 6994 7077 
11 22 38 65 104 160 244 370 538 763 1046 1397 1804 2236 2704 3164 3630 4098 4509 4893 5230 5557 5813 6066 6276 6443 6578 6713 6830 6918 6998 7076 
11 22 36 63 96 139 204 298 430 621 862 1158 1511 1945 2382 2840 3287 3667 4038 4364 4671 4928 5166 5369 5547 5679 5840 5951 6036 6113 6178 6232 
11 22 39 59 88 131 204 296 425 599 824 1125 1464 1861 2270 2739 3212 3672 4104 4496 4870 5146 5409 5629 5812 5975 6118 6215 6309 6390 6465 6522 
11 22 37 60 94 138 199 299 455 658 912 1201 1551 1944 2372 2815 3246 3682 4054 4417 4721 5002 5271 5492 5680 5844 5993 6113 6201 6290 6367 6421 
11 22 37 59 92 138 204 298 422 595 825 1121 1478 1881 2309 2789 3283 3777 4238 4669 5078 5406 5713 5980 6205 6418 6589 6732 6867 6985 7078 7148 
11 22 36 60 98 147 220 320 476 680 947 1274 1678 2119 2565 3047 3510 4012 4448 4846 5219 5536 5803 6022 6195 6378 6508 6627 6724 6821 6885 6963 
11 21 37 57 91 137 221 319 478 690 984 1336 1755 2223 2709 3237 3751 4219 4643 5037 5396 5688 5965 6177 6378 6550 6697 6829 6941 7032 7104 7177 
11 21 36 58 93 145 219 324 474 689 963 1305 1702 2166 2669 3167 3651 4150 4608 5002 5374 5692 5951 6216 6390 6557 6707 6843 6959 7047 7116 7183 
11 20 33 55 94 144 219 330 480 686 941 1252 1631 2055 2487 2911 3406 3884 4332 4716 5054 5361 5622 5834 6001 6148 6279 6394 6509 6587 6658 6731 
11 22 38 64 101 145 219 312 450 653 908 1235 1632 2068 2572 3086 3568 4028 4448 4856 5183 5485 5748 5981 6182 6349 6473 6589 6692 6774 6851 6917 
11 22 37 59 93 143 229 348 512 731 997 1336 1743 2226 2717 3183 3714 4201 4672 5062 5426 5755 6033 6286 6494 6676 6852 6986 7091 7197 7280 7346 
11 21 37 59 90 135 195 275 392 565 792 1095 1463 1876 2362 2869 3397 3900 4436 4874 5289 5685 6049 6329 6600 6804 6973 7115 7255 7364 7458 7547 
11 22 39 63 102 165 254 377 566 798 1105 1461 1887 2348 2821 3304 3802 4237 4616 4932 5231 5492 5741 5928 6096 6242 6364 6471 6553 6624 6677 6738 
11 21 35 64 104 162 241 357 515 747 1034 1389 1849 2363 2890 3421 3944 4451 4915 5314 5659 5959 6247 6469 6681 6847 6989 7104 7213 7294 7353 7399 
11 21 36 58 96 143 216 324 474 689 966 1308 1739 2184 2681 3200 3709 4177 4603 5026 5379 5659 5926 6161 6360 6531 6665 6791 6882 6967 7050 7096 
