11 22 38 62 101 158 250 375 558 803 1128 1504 1963 2456 2938 3430 3913 4360 4785 5192 5550 5835 6092 6293 6496 6665 6799 6927 7030 7109 7171 7219 
11 22 38 62 105 163 256 385 557 785 1055 1380 1770 2243 2712 3174 3605 4005 4408 4747 5080 5392 5617 5818 5989 6152 6292 6386 6492 6569 6639 6696 
11 22 39 65 107 171 264 399 577 830 1130 1498 1933 2409 2935 3464 3950 4396 4796 5169 5515 5823 6084 6297 6482 6654 6790 6914 7000 7079 7149 7195 
11 22 37 58 88 136 207 312 459 654 933 1248 1617 2033 2493 2942 3363 3759 4126 4448 4756 5005 5213 5418 5579 5707 5832 5931 6021 6090 6153 6218 
11 22 41 64 102 156 234 343 512 727 1021 1335 1715 2153 2619 3090 3554 3998 4396 4778 5132 5410 5685 5911 6104 6270 6409 6563 6677 6765 6832 6895 
11 21 37 66 103 163 239 361 515 736 1033 1382 1788 2265 2713 3163 3628 4024 4402 4766 5095 5364 5615 5834 5990 6145 6258 6366 6457 6543 6614 6660 
11 21 35 57 93 143 224 325 473 667 935 1265 1657 2100 2555 3019 3471 3889 4284 4628 4952 5236 5474 5644 5799 5949 6092 6207 6292 6363 6429 6486 
11 22 37 64 103 159 244 374 537 767 1048 1379 1758 2200 2613 3064 3508 3945 4329 4680 5002 5300 5521 5743 5920 6056 6193 6298 6391 6459 6522 6578 
11 22 36 57 94 154 243 358 528 752 1038 1391 1774 2196 2642 3065 3476 3894 4269 4613 4922 5191 5430 5620 5754 5902 6020 6133 6234 6318 6383 6433 
11 22 40 64 100 155 239 362 522 735 1006 1337 1744 2192 2651 3137 3578 4031 4467 4821 5141 5458 5704 5914 6105 6262 6410 6516 6624 6712 6775 6827 
11 22 40 69 113 174 268 409 595 846 1184 1545 1972 2415 2890 3414 3880 4306 4681 5043 5367 5636 5853 6043 6193 6324 6424 6516 6589 6650 6708 6764 
11 21 39 66 110 164 250 373 540 758 1030 1378 1781 2247 2728 3254 3764 4267 4732 5142 5534 5822 6075 6313 6521 6707 6843 6988 7097 7192 7271 7351 
11 22 39 59 97 147 220 334 494 707 990 1334 1714 2150 2533 2933 3335 3706 4049 4344 4611 4859 5065 5245 5397 5523 5633 5726 5813 5889 5951 6001 
11 22 37 60 93 147 229 344 500 713 996 1330 1733 2164 2625 3070 3538 3953 4347 4691 5001 5293 5533 5740 5909 6059 6206 6324 6425 6512 6579 6642 
11 21 37 60 92 143 217 326 487 695 963 1270 1664 2073 2516 2974 3404 3806 4142 4449 4749 5001 5208 5389 5543 5680 5788 5896 5982 6062 6117 6167 
11 22 36 55 86 139 211 309 443 635 874 1166 1510 1894 2301 2714 3116 3498 3881 4211 4475 4732 4966 5146 5293 5434 5537 5627 5728 5812 5889 5939 
11 22 40 69 111 171 262 378 557 781 1094 1453 1847 2266 2685 3126 3507 3862 4187 4480 4764 4983 5189 5365 5504 5646 5744 5826 5913 5989 6053 6107 
11 21 37 61 102 165 251 380 555 786 1072 1433 1880 2350 2832 3284 3725 4191 4610 5001 5304 5593 5849 6062 6245 6411 6552 6668 6791 6880 6954 7019 
11 22 37 60 98 149 230 336 490 716 974 1286 1679 2088 2542 3000 3463 3912 4317 4690 5008 5288 5555 5776 5949 6107 6230 6332 6425 6511 6588 6648 
11 22 38 65 109 173 244 364 537 782 1079 1463 1844 2298 2762 3198 3629 4015 4405 4742 5034 5312 5549 5760 5937 6089 6209 6312 6392 6477 6542 6586 
11 21 36 55 88 137 204 311 461 664 931 1254 1614 2033 2464 2927 3403 3855 4270 4658 4989 5273 5525 5721 5890 6019 6136 6240 6330 6415 6480 6533 
11 22 38 57 95 138 204 301 433 623 860 1152 1494 1880 2301 2745 3175 3600 4017 4376 4723 5019 5291 5516 5698 5875 6022 6131 6243 6340 6406 6483 
11 22 36 59 91 143 218 330 479 686 952 1281 1701 2143 2610 3110 3605 4109 4542 4971 5318 5615 5877 6095 6290 6455 6593 6709 6800 6892 6971 7033 
11 21 38 65 106 157 223 336 490 708 991 1331 1765 2252 2741 3218 3697 4150 4551 4905 5208 5507 5730 5950 6151 6304 6433 6570 6679 6756 6812 6866 
11 21 35 55 89 135 202 297 443 634 883 1184 1544 1943 2356 2776 3198 3608 3998 4339 4660 4939 5147 5362 5548 5699 5820 5926 6017 6089 6154 6210 
11 22 38 62 96 154 226 342 490 701 970 1291 1669 2070 2500 2904 3319 3732 4122 4445 4710 4983 5187 5361 5511 5656 5763 5873 5952 6019 6081 6139 
11 21 36 55 87 134 203 322 473 679 957 1270 1621 2041 2445 2874 3300 3700 4078 4424 4725 4980 5224 5406 5582 5728 5848 5948 6048 6136 6202 6249 
11 22 38 62 102 157 241 358 525 753 1037 1400 1823 2268 2740 3196 3644 4046 4414 4776 5110 5379 5602 5789 5984 6144 6283 6397 6484 6548 6625 6685 
11 22 37 57 89 136 219 347 498 730 1040 1409 1832 2280 2759 3245 3679 4147 4529 4876 5183 5447 5697 5903 6093 6265 6432 6564 6649 6745 6804 6871 
11 21 39 63 106 162 244 365 548 780 1080 1431 1828 2271 2715 3157 3607 4028 4421 4787 5091 5362 5593 5803 5985 6126 6228 6334 6416 6492 6559 6622 
11 22 39 61 97 146 231 345 496 708 986 1315 1672 2048 2490 2925 3327 3724 4090 4429 4732 4978 5199 5391 5549 5684 5791 5886 5969 6048 6115 6182 
11 22 36 60 92 147 224 332 484 689 958 1289 1666 2124 2572 3054 3516 3955 4337 4687 4978 5249 5463 5698 5875 6028 6174 6294 6396 6492 6578 6636 
11 21 37 64 100 156 237 355 517 742 1024 1373 1753 2193 2662 3127 3575 3988 4349 4670 4951 5217 5459 5655 5817 5973 6102 6203 6294 6367 6431 6498 
11 22 40 63 101 155 239 367 555 807 1120 1506 1938 2402 2877 3360 3848 4314 4728 5103 5461 5757 6007 6219 6411 6563 6702 6813 6923 7000 7082 7136 
11 21 37 62 102 166 253 383 566 793 1099 1470 1872 2306 2755 3190 3598 3994 4329 4640 4923 5151 5360 5527 5667 5787 5895 5982 6056 6123 6178 6224 
11 22 38 57 88 136 207 318 473 690 960 1274 1653 2071 2525 2971 3390 3785 4165 4484 4768 5027 5237 5458 5637 5785 5891 5995 6079 6161 6227 6291 
11 22 38 62 95 142 211 317 452 642 911 1199 1538 1906 2290 2678 3073 3452 3796 4100 4386 4612 4820 4979 5141 5283 5398 5483 5559 5626 5684 5755 
11 22 36 58 101 155 244 358 518 720 983 1318 1687 2091 2541 2969 3378 3801 4170 4506 4799 5032 5255 5457 5606 5745 5852 5955 6027 6105 6174 6232 
11 22 42 66 106 161 238 346 494 710 968 1298 1686 2135 2608 3064 3488 3914 4307 4650 4968 5236 5466 5660 5815 5955 6063 6169 6265 6347 6416 6470 
11 22 39 64 100 156 233 351 513 718 1006 1362 1752 2183 2644 3110 3557 4010 4398 4758 5085 5386 5623 5825 6004 6154 6288 6407 6497 6578 6644 6690 
11 22 39 66 113 177 268 392 560 789 1092 1428 1807 2265 2733 3186 3627 4022 4409 4765 5085 5353 5586 5779 5951 6089 6201 6299 6396 6467 6520 6581 
11 21 37 59 93 148 229 339 506 727 1040 1428 1871 2335 2849 3359 3869 4341 4748 5128 5437 5711 5924 6125 6277 6396 6523 6628 6720 6798 6871 6922 
11 21 38 63 99 145 224 343 497 713 1004 1349 1739 2182 2621 3072 3505 3915 4298 4652 4995 5272 5530 5716 5883 6037 6155 6248 6340 6410 6492 6558 
11 21 37 65 101 158 241 374 552 800 1120 1501 1961 2426 2911 3381 3894 4356 4768 5109 5427 5695 5940 6158 6319 6463 6603 6713 6815 6893 6971 7043 
11 22 37 63 104 165 258 378 555 788 1061 1392 1765 2185 2609 3062 3507 3911 4310 4634 4966 5216 5440 5639 5801 5937 6053 6162 6276 6340 6405 6468 
11 22 36 61 97 153 227 339 500 721 1012 1349 1746 2180 2622 3077 3524 3969 4382 4782 5124 5437 5706 5950 6134 6287 6419 6527 6611 6690 6757 6817 
11 22 38 57 89 135 209 309 448 646 908 1212 1576 1959 2350 2777 3192 3566 3891 4173 4472 4690 4904 5073 5207 5340 5444 5535 5623 5697 5754 5814 
11 22 38 68 114 181 277 406 588 825 1131 1490 1898 2363 2833 3264 3717 4156 4549 4916 5249 5507 5756 5972 6154 6296 6442 6573 6670 6752 6823 6871 
11 21 32 54 82 126 182 261 387 552 771 1028 1336 1680 2064 2439 2841 3252 3620 3936 4247 4482 4720 4917 5069 5200 5305 5414 5495 5584 5639 5713 
11 21 38 61 98 160 255 381 548 773 1039 1386 1795 2248 2697 3191 3614 4062 4467 4822 5126 5384 5621 5828 6021 6189 6349 6457 6578 6668 6753 6829 
11 21 37 66 98 150 222 346 488 701 965 1287 1673 2069 2518 2970 3408 3828 4219 4535 4852 5141 5384 5576 5745 5898 6012 6131 6228 6330 6408 6468 
11 22 34 55 94 156 245 360 514 715 993 1329 1709 2118 2526 2958 3392 3792 4174 4516 4826 5099 5349 5559 5731 5872 5998 6094 6194 6280 6348 6416 
11 22 36 59 90 142 210 310 463 662 918 1231 1581 1981 2404 2827 3236 3660 4053 4387 4707 4998 5249 5477 5666 5813 5947 6068 6157 6242 6309 6371 
11 21 38 64 104 156 236 356 527 751 1048 1402 1797 2239 2681 3123 3546 3935 4282 4645 4954 5207 5438 5628 5777 5928 6057 6152 6240 6315 6371 6419 
11 22 36 56 91 144 221 332 472 671 924 1228 1586 2002 2449 2906 3347 3762 4147 4500 4807 5060 5279 5459 5647 5793 5916 6017 6114 6183 6236 6288 
11 22 34 60 96 148 221 316 466 673 927 1242 1601 1994 2417 2865 3310 3723 4093 4418 4710 4978 5212 5417 5594 5761 5897 6006 6084 6160 6227 6283 
11 21 36 58 91 141 211 315 471 686 946 1261 1646 2054 2477 2943 3381 3800 4194 4521 4849 5101 5363 5568 5735 5891 6022 6156 6271 6363 6452 6505 
11 21 37 57 92 138 208 308 439 637 900 1230 1621 2050 2485 2998 3500 3996 4476 4893 5242 5572 5836 6056 6260 6444 6601 6726 6846 6936 7031 7109 
11 22 40 63 102 154 242 354 512 725 978 1295 1687 2122 2582 3065 3507 3940 4305 4637 4913 5157 5369 5554 5720 5859 5985 6091 6177 6264 6340 6394 
11 22 38 59 92 138 208 313 467 671 949 1278 1682 2154 2625 3161 3632 4107 4524 4901 5231 5539 5789 5994 6201 6352 6481 6588 6681 6773 6851 6916 
11 21 37 59 91 141 219 323 468 686 932 1257 1639 2068 2500 2964 3419 3834 4270 4650 4996 5283 5521 5736 5888 6046 6192 6296 6387 6473 6541 6600 
11 22 36 62 97 149 232 351 524 747 1032 1355 1758 2185 2661 3116 3529 3953 4371 4736 5046 5327 5560 5772 5942 6091 6194 6308 6397 6480 6531 6590 
11 21 36 61 102 159 237 356 539 772 1062 1416 1830 2262 2740 3260 3750 4213 4637 5012 5342 5657 5926 6123 6327 6491 6649 6773 6875 6984 7057 7115 
11 22 40 65 107 170 263 399 577 812 1110 1486 1883 2324 2796 3271 3718 4139 4516 4826 5118 5385 5614 5797 5957 6087 6208 6315 6401 6476 6538 6573 
11 22 38 66 103 150 232 346 501 722 1016 1374 1799 2238 2735 3208 3667 4114 4540 4915 5228 5497 5721 5948 6120 6261 6385 6497 6579 6664 6730 6795 
11 22 36 57 86 136 207 302 445 639 882 1174 1519 1872 2271 2680 3079 3452 3792 4111 4399 4640 4853 5047 5206 5336 5483 5588 5673 5744 5803 5865 
11 21 37 58 93 150 230 345 494 702 958 1246 1609 2008 2425 2871 3269 3657 4032 4367 4645 4886 5127 5329 5503 5633 5766 5886 5996 6087 6163 6223 
11 21 37 59 95 153 234 353 519 747 1014 1380 1808 2289 2786 3254 3757 4205 4598 4963 5254 5531 5771 5963 6135 6285 6414 6521 6625 6702 6761 6803 
11 22 36 63 101 148 224 335 486 709 991 1332 1737 2172 2619 3089 3565 4005 4396 4735 5081 5356 5590 5787 5965 6121 6240 6351 6449 6527 6601 6674 
11 22 38 56 84 132 202 296 445 636 894 1233 1652 2108 2583 3070 3559 4016 4423 4820 5197 5479 5763 5974 6179 6352 6491 6600 6686 6761 6829 6894 
11 22 40 64 104 161 241 345 524 765 1044 1380 1736 2143 2596 3019 3457 3862 4258 4586 4872 5127 5358 5561 5744 5900 6015 6116 6200 6274 6351 6401 
11 21 35 57 92 140 224 335 493 692 960 1292 1671 2113 2590 3072 3555 4022 4455 4849 5184 5501 5795 6018 6211 6386 6536 6659 6765 6860 6943 7008 
11 22 37 65 102 151 225 317 460 649 908 1237 1605 1992 2442 2887 3309 3721 4071 4435 4716 4962 5191 5399 5574 5710 5857 5963 6067 6130 6187 6236 
11 21 38 55 85 129 192 283 408 584 821 1111 1443 1806 2196 2609 3030 3457 3849 4185 4522 4804 5062 5279 5477 5625 5769 5873 5950 6017 6082 6143 
11 22 39 66 101 157 235 345 503 726 980 1288 1630 2007 2420 2835 3281 3694 4054 4357 4633 4874 5083 5275 5436 5575 5680 5783 5863 5942 6008 6060 
11 22 36 63 101 157 235 355 521 745 994 1319 1680 2086 2516 2941 3370 3787 4134 4479 4783 5057 5280 5477 5646 5791 5896 5994 6074 6154 6220 6277 
11 22 36 62 96 153 231 347 517 735 1022 1382 1801 2245 2728 3216 3720 4175 4604 5002 5333 5643 5920 6142 6334 6508 6665 6762 6852 6920 6984 7045 
11 22 37 54 80 122 176 256 367 528 745 1033 1403 1803 2241 2682 3128 3587 4020 4396 4741 5039 5321 5528 5727 5892 6013 6119 6207 6280 6356 6430 
11 22 37 59 89 137 213 313 451 638 882 1176 1562 1987 2379 2829 3286 3693 4081 4446 4767 5040 5303 5522 5697 5843 5964 6092 6195 6283 6366 6425 
11 22 41 69 108 177 282 427 627 900 1224 1613 2074 2557 3034 3506 3950 4399 4794 5174 5492 5759 5982 6215 6395 6543 6681 6780 6859 6949 7017 7068 
11 22 37 57 89 133 193 282 407 591 835 1107 1441 1823 2230 2668 3092 3477 3828 4136 4446 4716 4943 5147 5308 5473 5596 5686 5781 5850 5908 5946 
11 22 39 66 107 159 237 343 491 661 897 1176 1487 1827 2186 2580 2972 3328 3687 3994 4254 4496 4712 4877 5035 5177 5299 5408 5498 5580 5638 5694 
11 21 35 58 97 149 232 350 512 735 1006 1343 1748 2210 2649 3114 3529 3944 4339 4690 5008 5291 5549 5743 5907 6061 6185 6279 6363 6438 6505 6570 
11 22 38 63 103 158 246 372 536 754 1029 1343 1696 2125 2567 3005 3437 3884 4274 4604 4915 5194 5422 5631 5783 5921 6029 6134 6231 6304 6358 6411 
11 20 34 56 86 132 196 285 421 604 845 1165 1546 1964 2433 2866 3294 3701 4085 4443 4772 5057 5301 5517 5687 5826 5937 6036 6125 6196 6260 6310 
11 22 36 60 90 146 219 312 469 650 864 1142 1496 1884 2280 2711 3106 3471 3838 4170 4505 4793 5019 5205 5374 5541 5682 5795 5896 5973 6027 6080 
11 22 36 61 93 148 222 333 482 682 932 1245 1601 1989 2373 2800 3194 3566 3918 4194 4454 4682 4855 5005 5154 5271 5388 5466 5533 5594 5645 5691 
11 21 38 66 100 153 230 342 502 688 937 1225 1596 2021 2450 2896 3324 3730 4089 4416 4707 4953 5176 5376 5536 5676 5783 5890 5971 6039 6104 6161 
11 20 33 50 78 126 190 280 413 606 844 1142 1485 1861 2252 2688 3068 3467 3826 4113 4406 4643 4864 5058 5220 5361 5470 5561 5647 5718 5789 5853 
11 21 34 53 85 134 207 312 461 666 933 1252 1625 2046 2495 2963 3457 3936 4380 4779 5116 5410 5707 5934 6118 6275 6426 6545 6655 6746 6817 6878 
11 22 38 62 99 159 238 361 520 734 1007 1369 1757 2184 2618 3050 3478 3834 4182 4485 4762 4985 5184 5351 5475 5594 5711 5790 5869 5940 5995 6043 
11 22 40 69 105 159 236 343 494 704 944 1258 1599 1952 2347 2734 3118 3498 3849 4154 4455 4686 4894 5078 5220 5331 5449 5537 5620 5690 5771 5837 
11 22 38 64 109 174 257 390 550 781 1082 1418 1797 2257 2740 3242 3698 4125 4513 4864 5189 5461 5705 5883 6036 6175 6311 6409 6499 6582 6654 6721 
11 22 39 67 108 173 268 417 594 836 1144 1499 1869 2282 2753 3221 3694 4125 4499 4833 5159 5442 5663 5858 6030 6167 6293 6383 6471 6530 6586 6649 
11 22 38 63 100 157 244 359 524 743 1019 1370 1767 2209 2658 3114 3559 3942 4310 4643 4920 5169 5415 5628 5820 5952 6088 6196 6292 6372 6420 6474 
11 22 38 63 104 165 255 381 552 779 1084 1426 1855 2326 2813 3304 3802 4277 4693 5098 5451 5745 5989 6171 6347 6528 6684 6788 6886 6969 7035 7095 
11 22 37 63 101 152 225 337 497 706 967 1295 1670 2093 2529 2982 3425 3828 4197 4499 4786 5034 5255 5459 5639 5771 5886 5990 6081 6160 6238 6290 
11 21 36 58 97 152 232 338 487 680 940 1237 1603 2022 2461 2897 3342 3735 4121 4446 4752 5017 5239 5428 5591 5730 5845 5946 6039 6117 6185 6233 
11 22 37 63 103 152 233 343 489 704 958 1280 1651 2058 2468 2884 3271 3614 3989 4336 4636 4912 5159 5363 5536 5682 5793 5898 5993 6070 6145 6219 
11 22 38 64 105 166 249 368 558 807 1129 1495 1915 2368 2849 3339 3793 4222 4604 4957 5267 5552 5781 5991 6166 6295 6424 6523 6618 6708 6773 6824 
